0.3285151720046997	0.42825474956440884	0.1553407734319695	0.41640447700362165	その穴が致命的なのかどうか、これで説明可能なのかどうか、確かめたい
0.47623592615127563	0.42340236698549855	0.15629971546572055	0.420297917548781	それと歯ブラシ、それだけで足りるだろう
0.48528987169265747	0.38894574653633507	0.24732516339388605	0.36372909006977894	ですから、わたくしに近づく危険をどう避ければよいのか教えてくださると思って……
0.5406539440155029	0.28458849247678064	0.3130553979312505	0.4023561095919688	深刻な面持ちでランプをつけ、ホームズは先に立って廊下を進んだ
0.6156173050403595	0.33506966380496583	0.2734344523638432	0.391495883831191	と、ホームズが言う
0.6236001253128052	0.26858539797221326	0.23503830665214923	0.49637629537563754	あまりの恐ろしさに、今もわたくしの記憶にはっきりと焼き付いております
0.6432943046092987	0.23753416521210707	0.16801502877861316	0.5944508060092797	それもまもなく静まり、あとはただきつい匂いだけが残る
0.6508837044239044	0.37227758467023514	0.19286319697509693	0.4348592183546679	それから父親が夜、部屋に引き取る音が聞こえたら、あなたは窓の鎧戸を開き、掛け金を外して、そこからランプで僕らに合図してください
0.6527365744113922	0.25067302251127027	0.16540180092789378	0.5839251765608359	その、どうなさるのですか
0.6679808795452118	0.5354723102916571	0.24346179649401947	0.2210658932143234	あるとき、家内で窃盗事件が立て続けに起こりまして、かんしゃくを起こし、現地で雇った執事を殴り殺してしまったそうです
0.6751295030117035	0.43767073997158645	0.19703779318256465	0.36529146684584896	ええ、針金につながってもいない
0.6768934726715088	0.384922693391071	0.34175294231005504	0.273324364298874	サリィ州ストーク・モランに住む、かの有名なロイロット家の話である
0.6839122772216797	0.3180668161420838	0.1562108737055748	0.5257223101523414	ホームズは小手をかざして眺める
0.690093457698822	0.4673745073159369	0.10957079019474429	0.42305470248931876	準備次第、辻馬車を呼んでウォータルー駅へ急ごう
0.6977996528148651	0.3814871838470815	0.23425035743086214	0.38426245872205633	傾聴致します
0.6984806060791016	0.3585121282294075	0.2898034159825715	0.35168445578802104	グリムズビ・ロイロット博士の死について風聞が広がっていることを私は知った
0.7110221087932587	0.2884880999478084	0.2629687324407617	0.44854316761142987	先読みされて、いつも籠の中の鳥
0.72822505235672	0.25392769520850733	0.1430917694660981	0.6029805353253945	わたくしと、姉のジュリアは双子で、再婚したときはまだ二歳の赤ん坊でございました
0.7289518415927887	0.38982045127171133	0.12105646476078372	0.489123083967505	忘れません、お願い、助けて
0.7346188426017761	0.6022202330433399	0.18316135783505755	0.2146184091216024	もっとも、長い禁固刑に苦しめられたせいか、その後、内地へ戻ってからは、すれた気むずかしい人になってしまいました
0.7588094621896744	0.2788653352313809	0.2849406708776019	0.4361939938910172	我が友人は馬車の前席で腕組みをして、帽子を深くかぶり、あごを胸につけて、深い考えに沈んでいた
0.7644299417734146	0.13829129827119985	0.2559856439704676	0.6057230577583326	屋敷にはひとりの召使いさえおりませんので、長い間、家のことはわたくしども姉妹の手ですべて看てまいりました
0.7750127166509628	0.19101548427261844	0.26932558945382706	0.5396589262735544	わしはストーク・モランのグリムズビ・ロイロットだ
0.7830870747566223	0.36131216203338623	0.3897418188836999	0.24894601908291386	見たか
0.7892669588327408	0.2632394866359017	0.2620256039296609	0.4747349094344374	八年前、クルーの近くで鉄道事故に遭ったのです
0.7939575016498566	0.2658791801515544	0.36043871896777596	0.37368210088066967	問題ありません
0.8023733645677567	0.3981719777709443	0.3295711792411192	0.2722568429879365	ここまでの話が長くなったので、その後のことは簡単に話そう
0.8035785108804703	0.4853244260542457	0.22640308303875195	0.28827249090700224	もっともそれは、わたくしども姉妹が、継父と一緒に暮らしているあいだのことだけで、もしわたくしどもが結婚いたしますと、それから後はわたくしどもにも毎年ある決まった金額の金を分けてくれる決まりになっているのでございます
0.8077183067798615	0.38038528903030533	0.3112895208751931	0.3083251900945016	ホームズはうなずいた
0.8079715222120285	0.41548156099533645	0.2629171990888505	0.32160123991581313	死刑はすんでのところで免れたようです
0.8081998080015182	0.28659928217127095	0.2851562158601787	0.42824450196855046	ちょうど二年前に
0.8083189576864243	0.38675939497091183	0.312311085546971	0.30092951948211705	わたくしは起き抜けに肩掛けを巻き付け、廊下へ飛び出しました
0.8091042637825012	0.21151660023402488	0.2849608536314873	0.5035225461344879	午後お目にかかるのをお待ち致しております
0.8096284866333008	0.35898011953496334	0.19978453199578	0.4412353484692567	説明します
0.8102981448173523	0.5100351745287048	0.26886348685282585	0.2211013386184694	だが用心すべきは向こうの方です
0.8104859590530396	0.2495732902197291	0.21656627223362931	0.5338604375466416	立木の多い庭園が緩やかな丘に沿って広がり、頂上は深い緑に覆われた森になっていた
0.8151711225509644	0.34277713902118384	0.15195734820503173	0.5052655127737844	どうして
0.8153934329748154	0.24137431582411017	0.19282895225830937	0.5657967319175805	こんな説明でよろしいでしょうか
0.8174750357866287	0.42423622279674456	0.3240152597369041	0.2517485174663513	建物は、苔むした石造りで、地は灰色、中央部が一段と高くなっており、それから左右へ棟がそれぞれ翼状にのびていた
0.8176605105400085	0.390762376641418	0.30756992772093145	0.3016676956376506	母亡き後の父は、ロンドンで開業するつもりであったのをよして、わたくしどもを連れ、ストーク・モランにある一族代々の屋敷へ戻って住むことになりました
0.8183363229036331	0.31805349532170674	0.2610013899782941	0.42094511469999923	何しろ父と来たら恐ろしく力の強い人で、怒ったとなると全く手がつけられなくなるのでございます
0.8200915306806564	0.3954609670355166	0.22997931530162546	0.374559717662858	そうかもしれない
0.8209632933139801	0.4687695223921128	0.25490306435762655	0.2763274132502606	願わくは、詳しいお話を
0.8231797218322754	0.277642052541193	0.3453993441810717	0.3769586032777353	事件当夜は、ロイロットさんは早くから寝室へ下がりましたが、おそらくお休みになったのではないと思います
0.8266423046588898	0.31461922416107535	0.16073579594300746	0.5246449798959172	ホームズもよく分からないという風に、首を横に振る
0.8313727825880051	0.4317271743028142	0.2548376148232211	0.31343521087396464	さて、できるだけ時間を有効に使いましょう
0.8329028785228729	0.3266364423556849	0.29818017812905073	0.37518337951526437	説明はわかりませんが、おっしゃる通りです
0.8333593606948853	0.27772189873253267	0.30219762551555396	0.42008047575191343	でも、芝地で吹くんだとすると、あなたの耳にも聞こえそうなものね
0.8340893238782883	0.332770995384366	0.13372129083688258	0.5335077137787514	それで検視官は、どのようなご結論を
0.8349284082651138	0.3737769740619548	0.22078139571150168	0.40544163022654356	そういうところへ泥を揚げる乗り物と言えば二輪馬車だけで、なお御者の左側に腰を下ろした場合に限られます
0.8350676596164703	0.2673277674978558	0.21737878583648124	0.515293446665663	ふむ
0.8354316055774689	0.4169815640542295	0.2514850755301933	0.33153336041557735	そして、どこかがひどく痛むらしく、激しく身もだえをして、手足をぶるぶると震わせているのです
0.8368135839700699	0.2858421777378067	0.45858056038527	0.2555772618769233	私は息を呑んだ
0.8426169008016586	0.3961812956116557	0.20185562476256735	0.4019630796257768	ひも……まだらのひも、に
0.845358595252037	0.4964033682813344	0.23188136719352812	0.27171526452513745	そのロイロット博士とわたくしの母が結婚したのは、インドにいた頃で、当時わたくしの母は、ベンガル砲兵隊にいたストーナ少将の若き未亡人でした
0.8533981889486313	0.4250923911081529	0.30271353688883385	0.27219407200301343	訴え出るというのを、かき集めたお金を出してやっと勘弁していただいたほどでございます
0.8563542515039444	0.24149999519375526	0.19844521227460057	0.5600547925316441	姉の享年はまだ三〇でしたのに、その髪は白髪がちらほらと、ただいまのわたくしと同じように
0.8563853651285172	0.4401239517317266	0.3490504420836447	0.21082560618462884	ところがこの頃から、にわかに父の様子が変わってまいりました
0.8572679907083511	0.2825780688445145	0.15314275018335435	0.5642791809721313	隅々までお話し致します
0.86346136033535	0.32037448885510345	0.14634584725182603	0.5332796638930706	そのことは検視のとき係官からもお訊ねがありましたが、わたくしは確かに聞いたと、そう思うのです
0.8663622587919235	0.23730150256358926	0.16990956629123524	0.5927889311451755	——それから何かお心当たりはありますか
0.8666779100894928	0.2416749957265513	0.3403708529670671	0.4179541513063816	考え合わせてみよう
0.8680212199687958	0.19616567472369298	0.2419093200473684	0.5619250052289386	非常に興味深い特徴があるようです——飾りだけの引き綱、風の入らない通風口
0.8703594207763672	0.2780412022965214	0.06921955856238629	0.6527392391410922	ロマは、そのとき、敷地の中にいたのですか
0.8718148618936539	0.3437779880574354	0.22425963173653582	0.43196238020602873	右側の棟の外れに足場がくんであり、石の壁が崩れていたが、我々が訪れたとき、職人の姿はどこにも見えなかった
0.871957466006279	0.2623689028182289	0.22815523771950966	0.5094758594622614	声を張り上げ、熱烈に握手をする
0.8726003617048264	0.4159758803844117	0.3194334755018176	0.26459064411377076	また父は、インド産の動物が好きで、現地からよく動物を買い入れております
0.8803690448403358	0.1911840394787865	0.37123465367620445	0.43758130684500907	ええ
0.882022812962532	0.2733447581376308	0.3410336466456029	0.38562159521676626	ところがふと身を起こすと、私の肩を叩き、牧場の彼方を指さした
0.8823802620172501	0.37926084925866793	0.4185183245780242	0.2022208261633079	だが、あれが何の害になる
0.8855880498886108	0.38298374853789185	0.34713397044748384	0.2698822810146243	豹が放たれたに相違ない
0.8889098837971687	0.3126080430345807	0.3279579207723732	0.3594340361930461	警察沙汰になった事件も二度や三度ではございません
0.890181764960289	0.27871427947316707	0.22192736121921902	0.49935835930761396	結構
0.8902435675263405	0.3598120627926355	0.36757074062785333	0.2726171965795112	わたくしが扉を開けたとき、姉の言ったとおりの低い口笛が一声、聞こえたような気がしました
0.8908134326338768	0.30819343326246695	0.30726374855126815	0.38454281818626496	中には何が
0.8908873200416565	0.44682705681767665	0.19738621699605313	0.3557867261862702	ただ数エーカーの土地と、築二〇〇年にもなる屋敷だけは残りましたが、それも抵当に入っている始末でございます
0.8909232690930367	0.36640571620229645	0.31833313391430346	0.3152611498834001	と、博士の頭を巻いていたあやかしが動き始め、髪の毛の中からずんぐりと太い菱形の頭を持った忌まわしい蛇が、ぬっと鎌首をもたげたではないか
0.8914219662547112	0.4809459819609193	0.20916136866477464	0.30989264937430594	母は内地に帰ってまもなく亡くなりました
0.8919421508908272	0.421153087818065	0.34535578123885585	0.2334911309430791	私は大急ぎで服をつけ、それから二、三分ののちには我が友と一緒に居間へ入った
0.8921035677194595	0.29979337489283253	0.29619253700348275	0.4040140881036846	ご安心を
0.8922371566295624	0.28696849982523726	0.20143457977282314	0.5115969204019396	我々は暮れゆくなか、椅子に腰掛けていた
0.8935436680912971	0.28583582034726335	0.26915163669107167	0.44501254296166487	とホームズ
0.8952479138970375	0.10170744925407767	0.1763192176637555	0.7219733330821668	父の日頃の行いがあまりにも悪かったものですから
0.89598448574543	0.3099469398540002	0.25227746020379793	0.43777559994220183	実はお話ししたいのも、この姉の死についてでございます
0.8979568183422089	0.3683790502169578	0.16770994490233673	0.4639110048807053	ホームズはやさしく言葉をかけて身を乗り出し、依頼人の腕に手を置いた
0.8992026224732399	0.25785912959983687	0.2326122573453247	0.5095286130548384	前にも申しましたが、姉とわたくしとは双子でございました
0.8994569256901741	0.3430576856119617	0.24402757861154756	0.4129147357764906	君の命に関わる
0.8998243138194084	0.2598020819874003	0.19584095024450693	0.5443569677680927	それにその晩は嵐で、外には風のうなりがひゅうひゅうと聞こえ、窓は雨に叩かれて鳴っていました
0.8998442962765694	0.30395074652680043	0.16372325710397817	0.5323259963692214	事態は切迫しております
0.8999621346592903	0.3192491643821205	0.21085392638366737	0.46989690923421207	はじめ、姉はわたくしが分からないのかと思っていましたが、わたくしが中腰になると、突然恐ろしい声を絞り出して
0.9000106453895569	0.2970942600738036	0.33610229629031474	0.3668034436358816	我々はふるえるご婦人に悲劇を告げ、早朝の汽車でハロウにいる善良な叔母の元へ送り届けた
0.9018928110599518	0.36275891270884486	0.30268460812567805	0.33455647916547715	巧妙で恐ろしい……そうだね
0.9020924344658852	0.34202842053892374	0.3669066190795264	0.29106496038154994	では、ホームズさん、すでに見当が付いていらっしゃるのですね
0.9027213752269745	0.3889161400060245	0.36434440817468505	0.24673945181929055	ホームズの真似をして靴を脱ぎ、窓から寝室へ入り込んだとき、正直ほっとした
0.9032665193080902	0.16998799367751175	0.3419422225441996	0.48806978377828864	他人のことにあまり首をつっこむなよ
0.9034107699990273	0.4944083807704474	0.17969977138034215	0.3258918478492104	あとは、僕らにお任せください
0.9038510173559189	0.3071907885889942	0.3452529993082439	0.347556212102762	今朝の汽車でお着きになった、のですね
0.9041378796100616	0.2985622385289087	0.34085737880696937	0.36058038266412196	ストーナ嬢は、ホームズの服の袖に手をかける
0.9041958600282669	0.42011259455033595	0.24260015804724908	0.3372872474024149	何だか胸騒ぎがして
0.9044730067253113	0.28246581069259163	0.2529532984525942	0.4645808908548143	ですので、姉は自室を出て、隣のわたくしの部屋へ参りました
0.9054919630289078	0.31850223850223847	0.1309652692986026	0.5505324921991589	こちらは私の友人で助手のワトソン博士
0.9066254496574402	0.3154496309822551	0.25373576440791784	0.43081460460982707	つまりそれは、マッチを擦ったとき、一瞬何かの姿を見たことを表している
0.9068045020103455	0.24420695012111476	0.28291230040236437	0.4728807494765208	わたくしどもの屋敷は、申しあげましたようにたいへん古く、ただいま使っておりますのは一棟だけでございます
0.9074781984090805	0.46579607312322346	0.1836357352113533	0.35056819166542325	ですから、亡くなったとき姉ひとりだったことには間違いございません
0.9075703322887421	0.2329148059958394	0.16764576501307651	0.599439428991084	さもなくば、検視官が調べたとき気づいていたはずだ
0.9076553210616112	0.28636436396146775	0.23148652221229987	0.4821491138262325	お名前はアーミティッジ——パーシィ・アーミティッジ——アーミティッジ家の次男で、レディングのそばのクレイン・ウォータにお住みです
0.9081248790025711	0.20263515701657903	0.1305584008310384	0.6668064421523825	居間で待ってもらっている
0.9115809053182602	0.3743936996277505	0.16903273902745244	0.4565735613447971	闖入者は一歩踏みだし、鞭をふるわす
0.9134815484285355	0.19872696017354613	0.25340400847859346	0.5478690313478605	どうも、先生
0.9138182625174522	0.21867551834805593	0.21953438576862946	0.5617900958833145	ジュリアは二年前のクリスマスにそこへ参りまして、休職中の海軍少佐の方と出会い、婚約の運びとなったのでございます
0.9138310998678207	0.33570459399577385	0.16047964999090839	0.5038157560133177	まあ、何にせよくだらないことね
0.9138406440615654	0.31465577967992175	0.15761455227588947	0.5277296680441887	そして膝の上に、短い柄に長いひものついた鞭がある
0.9146140664815903	0.2927668643103779	0.40431204914939967	0.3029210865402225	取っ手を回して、ホームズは中へ入る
0.9161828756332397	0.3490343601115645	0.28200960023307015	0.3689560396553654	不思議なことではありません
0.9193605780601501	0.366366853545458	0.36831523026625246	0.26531791618828954	父は姉の口にブランデイをつぎ込むやら、村の医師を迎えるやら致しましたが、手の施しようもなく、ついに姉は意識の戻らぬままゆっくり息を引き取ってしまいました
0.9197843372821808	0.31909507085734223	0.3357601078898505	0.34514482125280727	普通どころではない
0.920961931347847	0.33810554480683336	0.2555269183531315	0.4063675368400352	廊下を駆け出していきますと、姉の部屋で、扉の鍵を外す音がいたしまして、扉がすぅっと開きました
0.9218232408165932	0.26594149651474847	0.21339063591893778	0.5206678675663137	とホームズはほほえむ
0.9218312874436378	0.24713543300138027	0.23149726997019887	0.5213672970284209	毎晩、部屋に鍵をかけるのですか
0.9228580966591835	0.273444879874407	0.2750761305310017	0.45147898959459115	おそらくは
0.9234077334403992	0.3800528479787182	0.22162507021315642	0.3983220818081254	母の遺産がありますことゆえ、生活には何不自由なく、よそ様がご覧になれば、わたくしどもはまことに結構な身分のように見えたことでございましょう
0.9241897016763687	0.4042387197846583	0.3235538281450162	0.2722074520703255	では、真ん中の部屋へお入りになって中から鎧戸を閉め、閂をかけてみてください
0.9256526306271553	0.4026440944746364	0.3148252233104735	0.28253068221489	先生とは、もうお近づきの光栄をいただきました
0.9268298894166946	0.2991241953241476	0.2988025135022008	0.40207329117365165	ホームズは手入れの行き届いていない芝地をゆっくりと歩き回り、窓を外側からつぶさに調べた
0.9274692088365555	0.2435126879699248	0.13103618421052632	0.6254511278195489	どうぞおかけください
0.9278055056929588	0.4380051691893286	0.20607139291216375	0.35592343789850767	じゅうぶん見せていただきました、ストーナさん
0.9285704046487808	0.338896585271656	0.3346664369439324	0.32643697778441155	思い出してみたまえ、お嬢さんの話では、姉がロイロット博士の煙草が匂うと
0.9294385686516762	0.17482940023325638	0.15265763418447106	0.6725129655822725	帰ってきたら、何と言われるか
0.9310803264379501	0.3220433320821971	0.13798784419013183	0.539968823727671	どんなつながりがあるんだね
0.9314370006322861	0.3500788885893918	0.4117784139513212	0.23814269745928698	満面の笑みを浮かべる
0.9321368485689163	0.3485143933805499	0.24650454069054786	0.40498106592890215	ご想像つくかと存じますが、このような暮らしですので、同世代同身分の人とはなかなか付き合いが難しく
0.9327085986733437	0.22217061840928481	0.32409450882159735	0.4537348727691177	何だ、今のは
0.9338047206401825	0.22578977481194004	0.15252651476344822	0.6216837104246118	この部屋には、奇妙な点がいくつかあります
0.9354188293218613	0.31128708198209487	0.3045928418749833	0.3841200761429218	悩みを打ち明けまして、心が軽くなりました
0.9358174204826355	0.39903488789233565	0.37711498969161034	0.223850122416054	なんということでしょう
0.935974583029747	0.362621285674604	0.20799489564091597	0.42938381868448	寒くてふるえているのではございません
0.9361963644623756	0.4145801392979177	0.20647328343470375	0.3789465772673785	と、ホームズは笑い出しながら、僕も身体は大きくないが、待っていれば決して彼より力は弱くないことを披露できたのだが
0.9370774701237679	0.3945720190086986	0.19449084135661152	0.41093713963469	一時は、一族も裕福でありました
0.9378819838166237	0.4231875348434085	0.2645811690049251	0.3122312961516663	申しましたかしら
0.9380896911025047	0.3492377025625725	0.14906303980779317	0.5016992576296343	が、うまくいかなかった
0.9382306709885597	0.4302466380617508	0.27528665960764365	0.29446670233060546	寝間着のままでございました
0.9400313980877399	0.3703487915100214	0.30225439191235076	0.3273968165776278	夜、寝室に鍵がかけてあれば、そちらからは忍び込めない
0.9416254460811615	0.33975976494644133	0.38046213788387295	0.27977809716968566	三人がうち連れだって芝地を何度も行ったり来たりしたが、ストーナ嬢も私も、ホームズの考えの邪魔をせぬように、ひとしきり終わるまで待った
0.9416278339922428	0.31308705342671794	0.3094917656441057	0.37742118092917637	ええ、ごく小さいものが
0.9417200535535812	0.29878072528895394	0.26774246700751764	0.4334768077035284	我が友人は今までにないほどきつく顔をしかめ、眉根を寄せた
0.9429117366671562	0.3078716511619876	0.40076126977253834	0.29136707906547404	この細い棟の反対側には廊下があって、三つの寝室が面している
0.9441457130014896	0.3271562195530232	0.23674465241789414	0.4360991280290826	ええ、クラウンと申します
0.9442255012691021	0.33826673600723983	0.46059113695482934	0.2011421270379309	ええ、そのほかにも少し直したところがいくつもございます
0.9447411075234413	0.41985173189541686	0.3411083503252386	0.2390399177793446	とりわけあの老人は僕等が事の邪魔になると分かっている
0.944854449480772	0.19874476775343475	0.3815878509974522	0.41966738124911307	オパールの髪飾りか
0.9454578086733818	0.22233140234261076	0.25828424169252	0.5193843559648692	おそらく少々機嫌も悪かった
0.9459434822201729	0.27268482243929915	0.27484063915663187	0.45247453840406904	ホームズは三番目の部屋を見ずにすぐさま二番目の部屋、すなわち今ストーナ嬢が使い、彼女の姉が最期を遂げた部屋に向かった
0.9465491585433483	0.4802575895102888	0.273534593930194	0.24620781655951712	この住所を教えていただいたんです
0.9500670433044434	0.3938343277370414	0.20800280737192073	0.39816286489103786	正確な内容を考えるために、関係する投下資本の現在価格を計算しなくてはならなかった
0.950197596102953	0.24018609931594997	0.18492557310808114	0.574888327575969	くだんの事件は、ホームズと付き合い始めて間もない頃に起こり、まだ我々はベイカー街で下宿を共用していた
0.9502622485160828	0.29590322925130347	0.24531507845829997	0.45878169229039656	もう一度うなずく
0.9505158290266991	0.12115732949136407	0.16775050513881604	0.7110921653698199	いえ、そのような話は
0.952988762408495	0.20715044007039857	0.17562156804553022	0.6172279918840713	つい先週も、父は村の鍛冶屋さんを橋の欄干から川の中へ突き落としてしまいました
0.9545923955738544	0.37486696389822616	0.4304636760181314	0.19466936008364244	どこにもない
0.9546402059495449	0.3661354971972748	0.1617674168989007	0.47209708590382443	まず第一に、僕ら二人は、あなたの部屋で夜を明かさねばなりません
0.9547727890312672	0.2810676681182468	0.1528136568812807	0.5661186750004725	知り合う前の事件だ、ワトソン
0.9556196071207523	0.4137520028679139	0.30906586211184617	0.27718213502023986	寝室同士は行き来ができませんが、各部屋の入り口は同じ廊下に並んでおります
0.9569390378892422	0.3788815712863761	0.23073451682391893	0.3903839118897051	どうして
0.9590040408074856	0.3375105580248035	0.19882352233142409	0.46366591964377246	ご婦人は顔を赤らめ、痣のついた手首を袖の下に隠した
0.9591956362128258	0.3303608035675673	0.25608550223364646	0.4135536941987862	考えることが一つ増えました
0.9610965698957443	0.39313087838319893	0.3882561561612682	0.21861296545553283	見たか今の
0.9611426219344139	0.31634658774016244	0.309905201333626	0.3737482109262115	口笛と金属音というのは確かですか
0.9615222960710526	0.3174929886869043	0.29862559617421286	0.38388141513888296	姉の死因は何でございましょう
0.9625762142241001	0.3913321984342267	0.3304471181494596	0.2782206834163138	策士は仕掛けた穴に自らはまる
0.9627718217670918	0.36240821635019727	0.38403258067692264	0.25355920297288015	ただ見えたのは、ひどく青ざめ、恐怖と嫌悪にゆがんだホームズの顔だけだ
0.9634863585233688	0.6927947948817417	0.09827009656221733	0.20893510855604092	ずいぶん愛嬌のある人物だ
0.9638589210808277	0.43257045443019093	0.22979870934319088	0.33763083622661816	そこで一緒になって再び姉のところへ戻ってみますと、姉は気を失っておりました
0.9651256054639816	0.33495050417895234	0.25251090415371513	0.41253859166733253	現にただいまも、屋敷には豹が一頭とヒヒが一頭、いずれも放し飼いになっておりまして、いっそう村人を怖がらせる原因にもなっております
0.9651734009385109	0.33000852942274916	0.4377802199728859	0.23221125060436498	私には見えなかった
0.9654244668781757	0.3023125637158083	0.20411349626353958	0.49357394002065214	ホームズが言った
0.9667715094983578	0.4260980767949499	0.25256495797289863	0.3213369652321516	しかし一八世紀、四代にわたり当主たちが放埒をして財産を使い果たし、結果として、摂政時代には賭博で一族は身を崩してしまいました
0.9676455445587635	0.28356792466701275	0.28460367993417596	0.43182839539881124	ただ幸いだったと言えるのは、すぐ考え直せたことだ
0.9686014018952847	0.2892546313995251	0.24820994100991528	0.4625354275905596	姉が夢中に叫んだうわ言かとも思い、またそれは敷地にいるロマのことではないかとも思い……多くの者が頭に水玉の模様があるハンカチーフを巻いておりますが、それが姉の使った言葉に関係があるのかは、ちょっと
0.96889946796	0.2353594322344322	0.0878166971916972	0.6768238705738705	枕の上に房の先が乗っかっている
0.9700225256383419	0.22304884615005793	0.19660923408264905	0.580341919767293	ただしその鞭の先は、丸く輪にして結んであった
0.9700929131358862	0.44305177559871456	0.10613295525830022	0.4508152691429851	すると、お姉さまがつけさせた
0.9703895077109337	0.4779959348390629	0.18043245662309965	0.3415716085378374	ロイロット家は、イングランドでも古いサクソンの家系の末裔で、サリィ州の西の果て、ストーク・モランにございます
0.9724363423883915	0.3423656578048071	0.19996687439163968	0.4576674678035532	ホームズは打つのをやめ、じっと通風口の方を見上げていた
0.9726129565387964	0.31588792384062353	0.4637931381876803	0.2203189379716961	それからインドのカルカッタへ参りまして、そこで、技術と持ち前の性格もあってか、医院を開業致しました
0.9751313403248787	0.2585787792295938	0.40909371818510554	0.33232750258530064	ストーナ嬢は終わりまで聞かぬうちに唇まで真っ青になった
0.9771788027137518	0.2954549979474549	0.2755092592592593	0.42903574279328593	ホームズは自分の机のところへ行き、錠を外して、取り出した小さな事件簿をめくった
0.9780137483030558	0.45081766915868104	0.3358460988159427	0.21333623202537622	そんな寝台どこにある
0.9787327870726585	0.16243973573054885	0.2636220671388867	0.5739381971305645	とホームズはおだやかに切り返す
0.9794823545962572	0.13543874647744453	0.21705826079519425	0.6475029927273612	ファリントッシュ……そうか、思い出した
0.9825601372867823	0.24215379552425675	0.2199699856415966	0.5378762188341466	一番目がロイロットさんの寝室、その隣が姉、次がわたくしのになっております
0.9833705984055996	0.33230576814047413	0.365856679271211	0.3018375525883148	見ろ
0.9839116614311934	0.28783860325287514	0.46044527366109306	0.25171612308603175	私は息を呑む
0.9853078490123153	0.23734233181174696	0.3992437594739454	0.3634139087143076	通風口なら、外気が入るようにするはずです
0.9854541271924973	0.4275716145841443	0.2863997639608729	0.28602862145498287	とにかく今夜、鍵を閉めて彼を近づけぬこと
0.9854622045531869	0.3049395707783984	0.3319223650301747	0.3631380641914269	煙突は太いのですが、内部に釘が四本も横に通してあります
0.9861005246639252	0.36575813270562835	0.4148188734549034	0.21942299383946828	床に金具で固定してある
0.9862245339900255	0.2557164243193909	0.3594839343991971	0.384799641281412	そう、この結末が最善なのかもしれぬ
0.9870712263509631	0.3197057059556389	0.301080759677257	0.3792135343671042	分かったと私はうなずく
0.9881889130920172	0.39078594021286833	0.37290888062336075	0.23630517916377097	その名は存じております
0.9886563792824745	0.33385110274925045	0.21357769772467874	0.4525711995260709	父のお友だちといっては、漂泊のロマの一団だけで、ロイロット家の地所として残っているわずか数エーカーほどの茨の茂った土地で、野宿してよいと言ってあるそうです
0.9898203341290355	0.3563438866830373	0.41509570759482717	0.22856040572213554	でも、うちに猫はおりません
0.9907246120274067	0.3784523966224467	0.27343111383680363	0.3481164895407498	眠るのもなしだ
0.9911659024655819	0.3045130473265904	0.2841796810698913	0.4113072716035182	暗く、悲惨……そうだね
0.9916096180677414	0.4455478999427499	0.2808771253258227	0.27357497473142744	もっと先を読む人間が自分を追っているのですから
0.9930743188597262	0.34799009235834155	0.2964525782676901	0.3555573293739684	博士のかわいがっていた奇妙なペットのことをど忘れしていた
0.9931490099988878	0.3506564088554459	0.24377427237763757	0.4055693187669164	その時です、激しい嵐の音の中に、突然、絹を裂くような女の声が聞こえました
0.9943093718029559	0.25980263322917757	0.3349382750358485	0.405259091734974	娘の結婚を邪魔すれば、その医者が得をするというはっきりした事実
0.9949239543639123	0.3841773381572397	0.2180027379875616	0.3978199238551987	わたくしは今朝六時に家を出まして、二〇分にレザヘッド駅へ着き、それからウォータルー行きの始発に乗ってまいりました
0.9952700445428491	0.33631802088971774	0.32781926073369577	0.3358627183765865	あとをつけられたのですね
0.9953142064623535	0.2858826634540341	0.4863803755487339	0.22773696099723195	我々も肝を冷やし、私はホームズの顔を、ホームズは私を見つめたまま立ちすくんだ
0.9954898762516677	0.3834139634677884	0.20678669798281102	0.40979933854940054	五つの小さな青痣——五本指でつけた痕——が、白い手首に残されていた
0.9957102090120316	0.34307758414509565	0.3790975778954878	0.2778248379594166	以上がストーク・モランのグリムズビ・ロイロット博士の死の真相である
0.9962809418793768	0.3577134508575578	0.3527613356695841	0.28952521347285815	ストーナの娘が来たのは知っとる、つけてきたからな
0.996750119375065	0.27552183929854085	0.3839423753456027	0.3405357853558565	そのあとで僕は博士会館へ行ってくる
0.997860956704244	0.38811863514144906	0.24772648858607543	0.36415487627247545	このスコットランド・ヤードの子役人が
0.9979552244767547	0.2562228087436228	0.11096992195049549	0.6328072693058817	本来頼りにすべきあの方でさえ、神経質な女のたわ言だと考えるくらいなのですから
0.9981485495809466	0.23875770630402476	0.35162606410088026	0.40961622959509497	かなり小さいものに違いない
0.9982266023289412	0.09190308539741117	0.19826954406117223	0.7098273705414166	万一これが本当に面白い事件だとすれば、君はきっと、はじめからかかわりたがる
0.9994770152843557	0.23738146587723788	0.32521937074602625	0.4373991633767359	ホームズもそのときは動揺したらしく、私の手をぎゅっと握りしめたが、すぐと忍び笑いをはじめて、私に耳打ちした
0.9997932537662564	0.4982953364901957	0.2706227303738983	0.23108193313590603	どうかわたくしをお助けください
1.0002724851074163	0.2456593266056338	0.2916459034706378	0.46269476992372843	気の毒だが起きたまえ、ワトソン
1.0006422162987292	0.15019144936600468	0.18518159650383323	0.6646269541301619	わしを相手にすると後悔するぞ
1.0012280149385333	0.35746871358673155	0.4294375930906238	0.2130936933226447	ご婦人は寝台を動かせなかった
1.0018012964865193	0.3311944154403289	0.11948772895544135	0.5493178556042297	人と付き合うことを極端に嫌いまして、ストーク・モランのロイロットが代々の地所に戻ってきたと村人が喜ぶにもかかわらず、家の中に閉じこもってばかりいました
1.001896574976854	0.3371929415232523	0.3896151666833949	0.2731918917933528	先代はそれでも無為な人生を送り、清貧に甘んじたとか
1.002135714283213	0.34333432862797086	0.188578401315778	0.4680872700562511	床を確認しますので、もうしばらくお待ちください
1.002851705532521	0.4108560192473442	0.36416639517239224	0.22497758558026354	角も立たぬ
1.0031038464512676	0.29679228606545544	0.3025714149793851	0.40063629895515945	それも最近のものでございます
1.003170110983774	0.33060260359909516	0.26957528259374475	0.3998221138071601	あれを見たまえ
1.004154656548053	0.3700139857382101	0.19680604112703834	0.43317997313475154	好都合です
1.0042973584495485	0.44660372278308447	0.3058756850078132	0.2475205922091023	母はかなりの金持ちでございまして、一年に一〇〇〇ポンド以上の収入がございましたが、その金はそっくりロイロット博士に遺言で譲ってしまいました
1.0051566227339208	0.31692196210113827	0.4079191075973926	0.2751589303014691	わたくしが父の名を呼びながら廊下を駆け出したところ、化粧着を引っかけて廊下へ出てきた父とばったり出会いました
1.0056455810554326	0.26345540332898837	0.26611432572816324	0.4704302709428484	折よく父も大事な用でロンドンへ出ると申しておりました
1.005737659521401	0.26066862730865636	0.44878465172171456	0.290546720969629	外から夜鳥の啼く声が時折、まさに目の前の窓のところで猫に似た長く引きつった鳴き声が一度
1.0058150212280452	0.35986377661375846	0.2880456349568697	0.35209058842937196	二時間が静かに過ぎ、そして時計が十一時を打つと同時に、ふと、正面右の方に、合図の明かりが灯された
1.0080032469704747	0.1533372923403352	0.24609637305756715	0.6005663346020977	頼れる人がおりません……誰も
1.0083723347634077	0.3605971939343716	0.30919010876577097	0.3302126972998574	たまに外出いたしますと、道で会った村人と相手かまわずの喧嘩をするのです
1.0090719694271684	0.38314143904367354	0.3568528348298858	0.26000572612644074	さあ、ワトソン、じっとしている場合ではない
1.00952750723809	0.4045819455819143	0.2790876081344332	0.3163304462836525	なら、行くで決まりだ
1.0101877693086863	0.25393190153154793	0.3028672033116065	0.4432008951568457	僕同様に、何をお話になっても結構です
1.0106207272037864	0.3675796572520551	0.3486856881509218	0.2837346545970231	もっと早くに公表してもよかったのかもしれないが、当時は口外しない約束をしており、こうして私が自由になったのは、ちょうど先日、約束を交わしていたご婦人が、時ならぬ死を迎えたためだ
1.010639182291925	0.28508623745170897	0.2945191766164671	0.420394585931824	正直、何のためにあんなことをしたのか、見当も付かん
1.0106440046802163	0.36195799294606	0.4078288463365613	0.2302131607173788	あと部屋の中央に高級なウィルトン絨毯が敷かれていた
1.0108761955052614	0.3113016071635933	0.32259176849780513	0.36610662433860164	ホームズは手に拡大鏡を持ち、頭を床に近づけた
1.0116782682016492	0.3613908704648464	0.15098928889799573	0.4876198406371578	ただひとり、心配してくれる者もありますが、あいにく、力になれないのです
1.0125517034903169	0.3203223181091238	0.18146180563716335	0.4982158762537128	お姉さまの服は
1.0137320570647717	0.3690406057243757	0.36856307959103884	0.26239631468458546	ホームズが叫ぶ
1.0140085592865944	0.43985666799662215	0.29731341162363967	0.2628299203797382	今朝はみな同じ具合なのだ
1.0157768800854683	0.4188903853335826	0.3101700054376072	0.2709396092288102	お医者さまがお調べになりましたが、結果は何も
1.017022518441081	0.3877620252676378	0.29792112620244265	0.3143168485299195	部屋の扉を二度叩いたが、中からは何の返事もなかった
1.0182009376585484	0.22968223012569458	0.23295586304978774	0.5373619068245177	せいぜいわしの手に気をつけるこったな
1.0203850455582142	0.2837566713071462	0.29661256568091726	0.4196307630119366	踏み越し段を上りながらホームズが言う
1.0214675832539797	0.27923347600552384	0.29859786839565594	0.42216865559882033	そういって、鉄の火掻き棒を取り上げると、ぐいと力を入れて元の通りまっすぐに伸ばした
1.0215590354055166	0.40518338010517113	0.30807939030338793	0.2867372295914409	なるほど
1.021918447688222	0.29793137791414626	0.4393001454449176	0.2627684766409362	とホームズが口を挟む
1.0225823353976011	0.4670537976742538	0.21073554663161245	0.32221065569413376	たとえば、大工はいったい何を考えて、隣の部屋へ穴をあけるのか
1.023491021245718	0.1455167972986296	0.07986733461500542	0.774615868086365	ホームズは歩き回って、それらをいちいち強い関心を持って調べていった
1.0242135804146528	0.2978598987108607	0.4810202585404255	0.22111984274871382	と、黒い服に身を包み、顔には厚い面紗をかけた一人の夫人が、窓際の椅子から立ち上がった
1.024664556607604	0.38874947516942737	0.29652590177324795	0.3147246230573247	訳がわかりません
1.0250854138284922	0.29245537408557165	0.24004888269340144	0.4674957432210268	御仁、僕と警視庁の役人を混同するとは、なんたる暴挙
1.0251988023519516	0.3903264516084294	0.3059562339231222	0.3037173144684484	御者の少年の小ささに比べて、その巨体は覆うようである
1.0252953991293907	0.36474904375316275	0.38409735981599524	0.25115359643084206	その冗談、傑作です
1.026374701410532	0.3496150015419296	0.2086777891433241	0.44170720931474633	そしてそれにつづいて姉が自室の鍵をかける音が聞こえました
1.0265455190092325	0.2034218056657453	0.4237154698825075	0.3728627244517471	かすかな物音が計画を台無しにする
1.0273511186242104	0.2758189435996738	0.19983357979486502	0.5243474766054612	来てくれるとどんなに助かるか
1.0274562295526266	0.3210235308131677	0.3309522281207936	0.34802424106603863	四方の壁も全部叩いてみましたが、どこもしっかり堅いとしか分かりませんでした
1.0279920063912868	0.35352461614921304	0.41184037998683165	0.23463500386395522	額の周囲には、褐色の斑がついた黄色い妙なひも状のものがおり、頭をきつくしめつけていた
1.0287871342152357	0.36910391405144694	0.34015082154987664	0.29074526439867654	間違いなく、姉の声です
1.0290402453392744	0.2858826634540341	0.4863803755487339	0.22773696099723195	なんと
1.0295850355178118	0.34255593121291994	0.3341621439344317	0.3232819248526484	少年が重い鉄門を開けかねていると、博士の荒々しい怒鳴り声が聞こえ、怒って握り拳を振り回しているのも見えた
1.029640045017004	0.30173585461804375	0.2561688851965821	0.4420952601853741	もっとも、激しい嵐で古い家が絶えず軋んでおりましたから、ひょっとすると、聞き違えたのかもしれません
1.0296608936041594	0.14550052036117342	0.4085510414760873	0.44594843816273927	あの寝台に妙なところはなかったか
1.0297829378396273	0.3082358530410082	0.2766356920020317	0.41512845495696	どうだね、若いご婦人がこんな朝早く都会をほっつき歩いて、眠り込んでいる他人をたたき起こすとなれば、よくよく差し迫った事情があると考えねばならぬ
1.0298694856464863	0.32823023842295296	0.4018698606110611	0.2698999009659859	狭いので、人の通り抜けはできません
1.0301955286413431	0.3518871814307317	0.37239677880584193	0.2757160397634264	インドでもっとも恐るべき蛇
1.0303892195224762	0.24093996420119596	0.306590631312868	0.452469404485936	馬車が走り帰って数分の後、居間の一つにランプが灯され、木立を縫ってぱっと黄色い光が漏れだした
1.0304528344422579	0.1735097465064726	0.21089668251631072	0.6155935709772166	はっきりと
1.0307652447372675	0.36068626430358314	0.2741887086349547	0.3651250270614622	家政婦の部屋へ通じております
1.0323517583310604	0.34049444486844305	0.27674282899074354	0.3827627261408134	この方向で、謎を解き明かせそうだとは考えられないだろうか
1.0330899693071842	0.35285728059093424	0.12128834336459629	0.5258543760444695	何が出てくるのかと、わたくしは怖くなって息を呑みました
1.0335346087813377	0.3160365333670737	0.3103900236600305	0.37357344297289574	前方の闇の中には、黄色い灯が木立を抜けて、我々を不気味な使命へと導く
1.0337837189435959	0.30121192402148855	0.3786371762137358	0.3201508997647755	そしてストーナさんを安全な場所へ移し、地元の警察へ事の次第を報告だ
1.0339470207691193	0.3876100267868959	0.2722901669340004	0.34009980627910374	申し分のない天気で、日はうららか、空にはふわふわした雲
1.0339589640498161	0.3292948227984984	0.3167555981172432	0.3539495790842584	わたくしはすぐに駆け寄って、姉の身体を両腕で抱きとめました
1.0342370755970478	0.19437349236129725	0.15700215128786557	0.6486243563508372	医師が悪事を行えば、一流の犯罪者になる
1.034757997840643	0.37082237681817853	0.40080457125328267	0.22837305192853882	そして、そのいずれもが真実をおどろおどろしくねじ曲げていたからである
1.0350538864731789	0.4217627493372791	0.3380543274008752	0.2401829232618457	細君の死んだ当時、年収で一一〇〇ポンド弱もあったものが、今は農産物の価格下落で、せいぜい七五〇ポンドというところ
1.035128977149725	0.35614195467834037	0.3633151821059357	0.28054286321572397	鎧戸が、ほんのわずかな光さえも遮り、我々は絶対の闇に待つ
1.035566657781601	0.299740293208773	0.4287481129501717	0.2715115938410554	早すぎて当てずっぽうにも思えるが、その実いつも論拠があり、結果、持ち込まれた問題を解き明かしてしまう
1.0359658263623714	0.31650577566359317	0.30160587438567044	0.38188834995073645	ホームズが言う
1.0363625176250935	0.33104059892166643	0.13093058325958665	0.538028817818747	我々は、その巧妙で恐るべき犯罪を瀬戸際で食い止めるというわけだな
1.0372086130082607	0.2911036499542425	0.3218015930440846	0.3870947570016729	と、ホームズはつぶやき、綱を引っ張る
1.0381661020219326	0.28692057652512604	0.2082976784874282	0.5047817449874457	ふと私の覚え書きを見ると、七〇もの不思議な事件がある
1.0383258014917374	0.18692838667423092	0.23470385423208096	0.578367759093688	とすれば当然、二つの部屋が通じているはず、とすぐ分かる
1.0390245951712132	0.42192567645713536	0.3074204612262025	0.2706538623166621	そこで普請をやっているとか
1.0397894158959389	0.26816882783654156	0.35508731974440716	0.3767438524190513	危険が目に見えている
1.0399608090519905	0.291348626125296	0.3830555558053611	0.3255958180693429	さて、ワトソン、朝食と行こう
1.0404671430587769	0.22820776300068832	0.3000927518397513	0.47169948515956034	もともとロイロット家の者は気の荒い血筋を引いているのですが、父の場合は、その血筋の上に熱帯での長い生活が重なって、いっそうひどいのでございました
1.0417703688144684	0.2995076518775492	0.3271834304255484	0.3733089176969024	ホームズが立ち上がる
1.042279276996851	0.23616761482566115	0.1385153741045538	0.6253170110697852	朝早くご出立になり、二輪馬車にお乗りになって、ぬかるんだ道を通り、駅までいらっしゃった
1.042316012084484	0.3524997398980235	0.4020513438858274	0.245448916216149	改修中は、ですね
1.0426755510270596	0.2506915762586329	0.16864685466654428	0.5806615690748227	その大きな顔は皺だらけで日に焼けていて、鬼のような形相で我々をひとりひとりにらみつけ、怒りに燃えるくぼんだ眼、肉の薄い高い鼻などは、凶暴な猛禽のようであった
1.0445211865007877	0.31553401074901805	0.371212794811406	0.31325319443957594	用が済めばこっちから帰ってやる
1.0448329485952854	0.3975323443646427	0.3890563991234544	0.21341125651190299	ロイロット博士の部屋へ行ってみよう
1.0450417213141918	0.4034473448729255	0.3080565225663353	0.28849613256073925	このままではおかしくなりそうです
1.0455817617475986	0.2733672357330631	0.28703975398646264	0.43959301028047426	出しゃばり屋
1.0458184145390987	0.2643025105491532	0.39668511393618094	0.33901237551466584	この毒蛇を巣の中へ追い込もう
1.0469410829246044	0.21628162934949033	0.11926073097377343	0.6644576396767362	誰か隣の部屋で手提げ角灯に火をつけたのだ
1.0473118051886559	0.41772600199038556	0.16766645036195713	0.41460754764765734	いずれにせよ、声をかけるだけかけて、君に決めてもらわねば
1.0492269396781921	0.4147283806912527	0.34492012751408413	0.24035149179466314	ストーナ嬢は指示に従った
1.0492551699280739	0.39228299780227627	0.40145865021106264	0.20625835198666112	見たものは君と変わりないと思う
1.0495530925691128	0.30195546558704456	0.26796761133603236	0.43007692307692313	父親のことをお隠しです
1.0500199012458324	0.21189341327929018	0.18290999195377075	0.605196594766939	個人的な書類です
1.050146210938692	0.2880680682752962	0.49030924022956857	0.22162269149513528	それに続いて、がちゃんと何か重い金物でも堕ちたような音がしました
1.0506122782826424	0.3284042372067992	0.43516173831274624	0.23643402448045453	そのようで
1.05144851654768	0.3241910476003572	0.20474203826927156	0.4710669141303711	守っていただかなくては、命の保証はできません
1.0518145598471165	0.2957280114208668	0.35802926556688114	0.346242723012252	聞こえたと思うやその刹那、ホームズが寝台から飛び上がり、マッチを擦り、引き綱に手の杖で一閃を食らわせる
1.051882378757	0.43255030756950463	0.3353485756199775	0.23210111681051795	そして娘が結婚すると、ひとりにつき年収二五〇ポンドずつ受け取れるようになってある
1.0524589456617832	0.31732357091939883	0.40044341889884183	0.28223301018175934	ではお昼過ぎに、ふたりで伺います
1.0527015626430511	0.24554787461642302	0.22012959248039893	0.5343225329031781	床もつぶさに調べましたが、同じことでした
1.0535330735147	0.30118192483729234	0.2974724910957371	0.4013455840669706	返事の代わりに、ホームズは依頼人の膝に置かれていた腕を取り、黒いレースの袖口をつまんで折り返した
1.05492739751935	0.45914874520314025	0.30818483063747254	0.23266642415938726	死に際のひもという言葉の謎
1.0555414259433746	0.24105024558648097	0.31323406578586444	0.44571568862765465	そのような様々の事件のなかでも、これほどに奇怪きわまるものは他にないだろう
1.0573776438832283	0.381316603916005	0.3331123844658264	0.2855710116181686	私は異様な光景に目を奪われた
1.0592778846621513	0.41270409435843336	0.31180625654670374	0.27548964909486295	壁に穴が開いていますが、一晩なら何とか我慢していただけるかと
1.0598882623016834	0.2383931385994979	0.2505708996364503	0.5110359617640519	するとお姉さまは、何かを察知して、マッチを擦って辺りをご覧になった
1.0601291470229626	0.27234137842154105	0.4580034737212727	0.26965514785718636	ごらんなさい、引き綱は換気のための小さな穴の上のあたりで、かぎ針に結ばれて動かない
1.0604374036192894	0.2916312197042862	0.13343421855921855	0.5749345617364954	いや
1.0607936829328537	0.38420959996552917	0.38248690877269464	0.23330349126177632	ええ、二年前につけたばかりです
1.0625083297491074	0.23379516035279155	0.3226126144856644	0.443592225161544	何の変哲もない調査は、かかわりたくないと一蹴してしまう
1.0663102269172668	0.28944371094076393	0.27849738865708284	0.43205890040215317	我々が入ったときには、博士は口も聞かず、身動きもなかった
1.0708286985754967	0.29610877774901867	0.42005292660411986	0.2838382956468616	そのほか、小さな籐椅子二つを加えたのがこの部屋の家具のすべてであった
1.0708340778946877	0.3064787626869486	0.3106823404630178	0.3828388968500336	どんなことでも、事件を考えるのに役立ちますので
1.0713724717497826	0.32044348460769645	0.36870959121211483	0.31084692418018883	ところであの端の壁、大急ぎで直すほどのものには見えませんが
1.0717625692486763	0.2766003841422368	0.2736340033809407	0.4497656124768225	ごきげんよう、ストーナさん
1.0719905570149422	0.3304560976992218	0.1736892973063186	0.4958546049944597	右手にはマッチの燃えさしを一本、左手にはマッチの箱を
1.0722214430570602	0.3811195317588405	0.4041304104701665	0.214750057770993	私も後に続いた、引き金に指をかけつつ
1.072364404797554	0.4159950493513069	0.2852480795448074	0.29875687110388566	ホームズ、貴様の職はお節介屋だとな
1.073188878595829	0.2712565917840004	0.1688076121921637	0.5599357960238358	支払う金額はお任せ致しますし、都合のよいときで
1.0734461843967438	0.3171022679870481	0.30410269240549526	0.37879503960745664	ほう、いわくありげで
1.0736710280179977	0.3192665103322031	0.14594777384638064	0.5347857158214162	と、ホームズは金庫を軽く叩いた
1.0738337934017181	0.36759052812708	0.2633310182570245	0.3690784536158956	机のわきにある木の椅子に、グリムズビ・ロイロット博士が、長いねずみ色の化粧着に身を包み、つきだした素足にかかとのない赤のトルコ・スリッパをつっかけて腰をかけている
1.077058993279934	0.3242235166513896	0.3484837253910664	0.3272927579575439	普段は遅くまで眠っている男なのに、暖炉の上の置き時計によれば、まだ七時一五分を回ったばかり
1.0773732587695122	0.3275146000572647	0.3524823050074339	0.3200030949353013	今回の相手はその上を行くが、ワトソン、しかし僕らはそのさらに上を行く
1.0774037688970566	0.29976898146987807	0.5033904116706351	0.19684060685948684	年の若いご婦人が興奮気味に来られたらしく、僕に面会したい、と
1.0805517584085464	0.32764887203291004	0.36909002365019294	0.30326110431689707	依頼人は黒い面紗を顔の前に下ろすと、静かに退室した
1.081038974225521	0.25151908899692865	0.15993687424624117	0.5885440367568301	夜の口笛のこと
1.0853974595665932	0.3702871637143473	0.30013646358894	0.32957637269671275	しかし、ごらんなさい
1.0886478424072266	0.33826075208097756	0.23103587593200442	0.430703371987018	それには理由がある
1.089541956782341	0.30295688172309504	0.2119370666829424	0.4851060515939626	ずいぶん暗く、悲惨な話だと思う
1.0896277129650116	0.37375496144756915	0.2631902557733834	0.36305478277904746	とホームズも困ったという風にあごをさすり、僕の理論にはまずいところがあるらしい
1.0896639600396156	0.3100429875299973	0.4339988916662785	0.25595812080372427	一度、何年か前に
1.0905115604400635	0.25168610716118733	0.2750788084905293	0.47323508434828343	いえ、おかまいなく
1.090783067047596	0.2516842574348658	0.38876818264932134	0.3595475599158128	亡くなった細君の遺言状を見てきた
1.0915603563189507	0.3076597567885559	0.3169173654091881	0.37542287780225586	ロイロット博士が帰ってきて、僕らがここにいると知れては台無しです
1.0921368226408958	0.4328092949373407	0.33526558431677755	0.23192512074588173	ひも
1.0925001204013824	0.32295400687402964	0.40423178519670355	0.2728142079292668	まだ腑に落ちない点はあったが、ホームズは私に、翌日の帰りの車中で教えてくれた
1.0933292508125305	0.3421821808224218	0.45612563667682987	0.20169218250074836	老医師はつかつかと進むと、暖炉の火掻き棒をつかみ上げ、大きな手で折り曲げてみせた
1.093607410788536	0.24591147347835748	0.26595445065315493	0.48813407586848767	だが今の出来事は、僕等の調査のいい薬味になる
1.0942893400788307	0.3428478361779019	0.30129636121641273	0.3558558026056854	我々は二階に陣取り、窓からはストーク・モランの領主館が、門から道、住居棟にいたるまで見通すことができた
1.0946326032280922	0.2394541406306112	0.17648864809081527	0.5840572112785735	と、ホームズは立ち上がり、拡大鏡を懐にしまいながら、おや、これは面妖な
1.0952624529600143	0.30581656984629035	0.23561381408528997	0.4585696160684196	はい、いつも
1.0953799411654472	0.301110785999359	0.3869620365454586	0.31192717745518245	ひょっとすると、次の瞬間にはそいつが肩にかみついているかもしれないのだ
1.095418430864811	0.2779325699704092	0.39739826822717694	0.3246691618024138	床も壁もみんな虫の食った褐色の樫材で、古さと色あせを見てもこの建物ができて以来そのままのものに違いなかった
1.0954785645008087	0.35449461288049905	0.3912565613209519	0.25424882579854907	八三年の四月初め、ある朝、私が目を覚ますと、シャーロック・ホームズが身支度を調え、枕元に立っていた
1.0970287919044495	0.2601711677024365	0.21566904440568183	0.5241597878918817	私にできることはおそらく、すべての事実を白日の下にさらすことである
1.097079075872898	0.3352043932298969	0.4332651088860521	0.23153049788405097	その通りです
1.0970932245254517	0.29233806628029785	0.39189324678345944	0.31576868693624266	だがそれがかえって僕を誤った方向へ追いやった
1.0974134281277657	0.3766700682890599	0.39165690000207665	0.2316730317088635	それゆえに、もしふたりの娘が嫁いでしまえば、うま味が少しだけになってしまうわけだ
1.0976602286100388	0.31119249582750963	0.4327905776600599	0.2560169265124305	卓上には、半分窓を開けた角灯が置かれてあり、それから流れ出る一条の光の中に、戸の開いたままの金庫が見える
1.0985358953475952	0.1781797198781398	0.18979409017407328	0.6320261899477869	ああ
1.0987170040607452	0.19769158923632174	0.09521403122733502	0.7070943795363432	途方もない事件でなくてはならない
1.1000032126903534	0.3085629459312994	0.48280747227773213	0.20862958179096847	実に面白い
1.104122705757618	0.28560993378023214	0.3648642700299525	0.34952579618981533	今朝の依頼人は駆け寄って挨拶した
1.1048903986811638	0.3867313864958622	0.37836537008514926	0.23490324341898852	息を殺すと、音一つない
1.1055737808346748	0.21673985823888836	0.40157303264604893	0.38168710911506276	賢明な行動です
1.1076791137456894	0.17652017664353192	0.08141340645569968	0.7420664169007685	狼藉を働くようなら、ハロウの叔母さんのところまで送って差し上げます
1.1088249310851097	0.25718346654640456	0.4591722484572102	0.2836442849963852	床にはいつくばりながら前後に動いて、床板の隙間まで細かく調べた
1.1089611873030663	0.35183630118598036	0.4120677396035254	0.23609595921049423	老医師は吠えたあと、曲がった火掻き棒を暖炉の中へ放り込み、大手を振って部屋から出ていった
1.1130029633641243	0.2588482650534277	0.3904566270494259	0.35069510789714636	不十分なデータで推理を行うと危険だといういい一例だ
1.11529640853405	0.31066738962053	0.38952355124043947	0.29980905913903055	部屋のあいだに小さな穴があるのは不自然だとも思えんが
1.116241492331028	0.3015750017020432	0.4200438322620842	0.27838116603587254	ほう、中をごらんに
1.1162878423929214	0.2288488382634787	0.13881216854504566	0.6323389931914757	あなた真夜中に、誰かが口笛を吹いているのを聞かない
1.1163074597716331	0.21739323827069482	0.4429073717897685	0.33969938993953674	失礼します、気を強くお持ちに
